1.180810e-04 5.209560e+02 
1.208310e-04 5.326470e+02 
1.236460e-04 5.446000e+02 
1.265260e-04 5.568210e+02 
1.294730e-04 5.693160e+02 
1.324890e-04 5.820920e+02 
1.355750e-04 5.951540e+02 
1.387330e-04 6.085100e+02 
1.419640e-04 6.221650e+02 
1.452710e-04 6.361250e+02 
1.486550e-04 6.503900e+02 
1.521170e-04 6.649740e+02 
1.556610e-04 6.798860e+02 
1.592860e-04 6.951320e+02 
1.629970e-04 7.107190e+02 
1.667930e-04 7.266570e+02 
1.706780e-04 7.429510e+02 
1.746540e-04 7.596110e+02 
1.787220e-04 7.766450e+02 
1.828850e-04 7.940610e+02 
1.871450e-04 8.118670e+02 
1.915040e-04 8.300720e+02 
1.959650e-04 8.486860e+02 
2.005300e-04 8.677170e+02 
2.052010e-04 8.871570e+02 
2.099800e-04 9.070250e+02 
2.148710e-04 9.273380e+02 
2.198760e-04 9.481060e+02 
2.249980e-04 9.693380e+02 
2.302390e-04 9.910470e+02 
2.356020e-04 1.013240e+03 
2.410900e-04 1.035930e+03 
2.467050e-04 1.059130e+03 
2.524520e-04 1.082850e+03 
2.583320e-04 1.107100e+03 
2.643500e-04 1.131890e+03 
2.705070e-04 1.157240e+03 
2.768080e-04 1.183160e+03 
2.832560e-04 1.209640e+03 
2.898540e-04 1.236670e+03 
2.966050e-04 1.264290e+03 
3.035140e-04 1.292540e+03 
3.105840e-04 1.321410e+03 
3.178180e-04 1.350930e+03 
3.252210e-04 1.381110e+03 
3.327960e-04 1.411960e+03 
3.405480e-04 1.443500e+03 
3.484810e-04 1.475750e+03 
3.565980e-04 1.508720e+03 
3.649040e-04 1.542420e+03 
3.734040e-04 1.576880e+03 
3.821010e-04 1.612100e+03 
3.910020e-04 1.648120e+03 
4.001090e-04 1.684820e+03 
4.094290e-04 1.722280e+03 
4.189660e-04 1.760590e+03 
4.287250e-04 1.799740e+03 
4.387110e-04 1.839770e+03 
4.489300e-04 1.880680e+03 
4.593870e-04 1.922510e+03 
4.700870e-04 1.965260e+03 
4.810370e-04 2.008970e+03 
4.922420e-04 2.053640e+03 
5.037080e-04 2.099320e+03 
5.154410e-04 2.146000e+03 
5.274470e-04 2.193730e+03 
5.397330e-04 2.242520e+03 
5.523040e-04 2.292290e+03 
5.651690e-04 2.342880e+03 
5.783340e-04 2.394570e+03 
5.918050e-04 2.447410e+03 
6.055900e-04 2.501420e+03 
6.196960e-04 2.556620e+03 
6.341300e-04 2.613030e+03 
6.489010e-04 2.670690e+03 
6.640160e-04 2.729620e+03 
6.794830e-04 2.789860e+03 
6.953100e-04 2.851420e+03 
7.115060e-04 2.914340e+03 
7.280790e-04 2.978650e+03 
7.450380e-04 3.044380e+03 
7.623920e-04 3.111560e+03 
7.801510e-04 3.179550e+03 
7.983230e-04 3.248820e+03 
8.169180e-04 3.319600e+03 
8.359470e-04 3.391920e+03 
8.554180e-04 3.465820e+03 
8.753440e-04 3.541330e+03 
8.957330e-04 3.618480e+03 
9.165970e-04 3.697320e+03 
9.379480e-04 3.777870e+03 
9.597950e-04 3.860180e+03 
9.821520e-04 3.944280e+03 
1.005030e-03 4.030210e+03 
1.028440e-03 4.118010e+03 
1.052390e-03 4.207730e+03 
1.076910e-03 4.298860e+03 
1.101990e-03 4.390610e+03 
1.127660e-03 4.484320e+03 
1.153930e-03 4.580030e+03 
1.180810e-03 4.677780e+03 
1.208310e-03 4.777620e+03 
1.236460e-03 4.879590e+03 
1.265260e-03 4.983740e+03 
1.294730e-03 5.090110e+03 
1.324890e-03 5.198750e+03 
1.355750e-03 5.309710e+03 
1.387330e-03 5.423040e+03 
1.419640e-03 5.538780e+03 
1.452710e-03 5.657000e+03 
1.486550e-03 5.777740e+03 
1.521170e-03 5.897850e+03 
1.556610e-03 6.019710e+03 
1.592860e-03 6.144090e+03 
1.629970e-03 6.271040e+03 
1.667930e-03 6.400610e+03 
1.706780e-03 6.532860e+03 
1.746540e-03 6.667840e+03 
1.787220e-03 6.805610e+03 
1.828850e-03 6.946230e+03 
1.871450e-03 7.089760e+03 
1.915040e-03 7.236240e+03 
1.959650e-03 7.385760e+03 
2.005300e-03 7.538360e+03 
2.052010e-03 7.694120e+03 
2.099800e-03 7.850470e+03 
2.148710e-03 8.004740e+03 
2.198760e-03 8.162040e+03 
2.249980e-03 8.322430e+03 
2.302390e-03 8.485970e+03 
2.356020e-03 8.652730e+03 
2.410900e-03 8.822760e+03 
2.467050e-03 8.996140e+03 
2.524520e-03 9.172920e+03 
2.583320e-03 9.353170e+03 
2.643500e-03 9.536970e+03 
2.705070e-03 9.724380e+03 
2.768080e-03 9.915480e+03 
2.832560e-03 1.011030e+04 
2.898540e-03 1.030900e+04 
2.966050e-03 1.049880e+04 
3.035140e-03 1.069010e+04 
3.105840e-03 1.088480e+04 
3.178180e-03 1.108310e+04 
3.252210e-03 1.128500e+04 
3.327960e-03 1.149060e+04 
3.405480e-03 1.169990e+04 
3.484810e-03 1.191300e+04 
3.565980e-03 1.213000e+04 
3.649040e-03 1.235100e+04 
3.734040e-03 1.257600e+04 
3.821010e-03 1.280510e+04 
3.910020e-03 1.303830e+04 
4.001090e-03 1.327580e+04 
4.094290e-03 1.351260e+04 
4.189660e-03 1.374550e+04 
4.287250e-03 1.397980e+04 
4.387110e-03 1.421650e+04 
4.489300e-03 1.445560e+04 
4.593870e-03 1.469590e+04 
4.700870e-03 1.493810e+04 
4.810370e-03 1.518240e+04 
4.922420e-03 1.542790e+04 
5.037080e-03 1.567480e+04 
5.154410e-03 1.592360e+04 
5.274470e-03 1.617350e+04 
5.397330e-03 1.642410e+04 
5.523040e-03 1.667620e+04 
5.651690e-03 1.692950e+04 
5.783340e-03 1.718260e+04 
5.918050e-03 1.743720e+04 
6.055900e-03 1.769320e+04 
6.196960e-03 1.794750e+04 
6.341300e-03 1.820250e+04 
6.489010e-03 1.845830e+04 
6.640160e-03 1.871270e+04 
6.794830e-03 1.896670e+04 
6.953100e-03 1.922100e+04 
7.115060e-03 1.947400e+04 
7.280790e-03 1.972530e+04 
7.450380e-03 1.997610e+04 
7.623920e-03 2.022580e+04 
7.801510e-03 2.047190e+04 
7.983230e-03 2.071700e+04 
8.169180e-03 2.096110e+04 
8.359470e-03 2.120040e+04 
8.554180e-03 2.143800e+04 
8.753440e-03 2.167370e+04 
8.957330e-03 2.190410e+04 
9.165970e-03 2.213110e+04 
9.379480e-03 2.235530e+04 
9.597950e-03 2.257460e+04 
9.821520e-03 2.278840e+04 
1.005030e-02 2.299850e+04 
1.028440e-02 2.320330e+04 
1.052390e-02 2.340060e+04 
1.076910e-02 2.359340e+04 
1.101990e-02 2.378100e+04 
1.127660e-02 2.395830e+04 
1.153930e-02 2.413020e+04 
1.180810e-02 2.429640e+04 
1.208310e-02 2.445110e+04 
1.236460e-02 2.459850e+04 
1.265260e-02 2.473910e+04 
1.294730e-02 2.486850e+04 
1.324890e-02 2.498770e+04 
1.355750e-02 2.509900e+04 
1.387330e-02 2.519910e+04 
1.419640e-02 2.528620e+04 
1.452710e-02 2.536430e+04 
1.486550e-02 2.543190e+04 
1.521170e-02 2.548280e+04 
1.556610e-02 2.552370e+04 
1.592860e-02 2.555430e+04 
1.629970e-02 2.556640e+04 
1.667930e-02 2.556670e+04 
1.706780e-02 2.555590e+04 
1.746540e-02 2.552740e+04 
1.787220e-02 2.548390e+04 
1.828850e-02 2.542830e+04 
1.871450e-02 2.535590e+04 
1.915040e-02 2.526570e+04 
1.959650e-02 2.516310e+04 
2.005300e-02 2.504570e+04 
2.052010e-02 2.490740e+04 
2.099800e-02 2.475620e+04 
2.148710e-02 2.459250e+04 
2.198760e-02 2.440520e+04 
2.249980e-02 2.420540e+04 
2.302390e-02 2.399350e+04 
2.356020e-02 2.376070e+04 
2.410900e-02 2.351340e+04 
2.467050e-02 2.325480e+04 
2.524520e-02 2.297940e+04 
2.583320e-02 2.268820e+04 
2.643500e-02 2.238720e+04 
2.705070e-02 2.207350e+04 
2.768080e-02 2.174370e+04 
2.832560e-02 2.140600e+04 
2.898540e-02 2.106070e+04 
2.966050e-02 2.070000e+04 
3.035140e-02 2.033430e+04 
3.105840e-02 1.996420e+04 
3.178180e-02 1.958400e+04 
3.252210e-02 1.920060e+04 
3.327960e-02 1.881620e+04 
3.405480e-02 1.842800e+04 
3.484810e-02 1.803910e+04 
3.565980e-02 1.765280e+04 
3.649040e-02 1.726840e+04 
3.734040e-02 1.688510e+04 
3.821010e-02 1.650630e+04 
3.910020e-02 1.613170e+04 
4.001090e-02 1.576460e+04 
4.094290e-02 1.540720e+04 
4.189660e-02 1.505940e+04 
4.287250e-02 1.472510e+04 
4.387110e-02 1.440340e+04 
4.489300e-02 1.409360e+04 
4.593870e-02 1.379950e+04 
4.700870e-02 1.351980e+04 
4.810370e-02 1.325230e+04 
4.922420e-02 1.299910e+04 
5.037080e-02 1.276000e+04 
5.154410e-02 1.253130e+04 
5.274470e-02 1.231320e+04 
5.397330e-02 1.210690e+04 
5.523040e-02 1.190770e+04 
5.651690e-02 1.171530e+04 
5.783340e-02 1.153000e+04 
5.918050e-02 1.135420e+04 
6.055900e-02 1.118580e+04 
6.196960e-02 1.101300e+04 
6.341300e-02 1.083780e+04 
6.489010e-02 1.065700e+04 
6.640160e-02 1.047500e+04 
6.794830e-02 1.027760e+04 
6.953100e-02 1.007810e+04 
7.115060e-02 9.855120e+03 
7.280790e-02 9.623730e+03 
7.450380e-02 9.376860e+03 
7.623920e-02 9.109520e+03 
7.801510e-02 8.835060e+03 
7.983230e-02 8.542440e+03 
8.169180e-02 8.240380e+03 
8.359470e-02 7.935430e+03 
8.554180e-02 7.625030e+03 
8.753440e-02 7.314790e+03 
8.957330e-02 7.010730e+03 
9.165970e-02 6.714560e+03 
9.379480e-02 6.429150e+03 
9.597950e-02 6.159200e+03 
9.821520e-02 5.906680e+03 
1.005030e-01 5.673480e+03 
1.028440e-01 5.461370e+03 
1.052390e-01 5.271650e+03 
1.076910e-01 5.106770e+03 
1.101990e-01 4.963330e+03 
1.127660e-01 4.838600e+03 
1.153930e-01 4.729280e+03 
1.180810e-01 4.631180e+03 
1.208310e-01 4.539300e+03 
1.236460e-01 4.448210e+03 
1.265260e-01 4.352470e+03 
1.294730e-01 4.247150e+03 
1.324890e-01 4.128620e+03 
1.355750e-01 3.994520e+03 
1.387330e-01 3.844280e+03 
1.419640e-01 3.682320e+03 
1.452710e-01 3.512860e+03 
1.486550e-01 3.340620e+03 
1.521170e-01 3.170330e+03 
1.556610e-01 3.007200e+03 
1.592860e-01 2.856270e+03 
1.629970e-01 2.721110e+03 
1.667930e-01 2.606780e+03 
1.706780e-01 2.510720e+03 
1.746540e-01 2.431690e+03 
1.787220e-01 2.364900e+03 
1.828850e-01 2.304760e+03 
1.871450e-01 2.246080e+03 
1.915040e-01 2.183680e+03 
1.959650e-01 2.114310e+03 
2.005300e-01 2.034050e+03 
2.052010e-01 1.944940e+03 
2.099800e-01 1.849740e+03 
2.148710e-01 1.752840e+03 
2.198760e-01 1.661060e+03 
2.249980e-01 1.576580e+03 
2.302390e-01 1.504910e+03 
2.356020e-01 1.440810e+03 
2.410900e-01 1.391340e+03 
2.467050e-01 1.344740e+03 
2.524520e-01 1.301410e+03 
2.583320e-01 1.255020e+03 
2.643500e-01 1.206730e+03 
2.705070e-01 1.151170e+03 
2.768080e-01 1.095920e+03 
2.832560e-01 1.039650e+03 
2.898540e-01 9.882460e+02 
2.966050e-01 9.418050e+02 
3.035140e-01 9.023990e+02 
3.105840e-01 8.663830e+02 
3.178180e-01 8.331640e+02 
3.252210e-01 7.997270e+02 
3.327960e-01 7.646920e+02 
3.405480e-01 7.285900e+02 
3.484810e-01 6.927010e+02 
3.565980e-01 6.594080e+02 
3.649040e-01 6.284260e+02 
3.734040e-01 6.011110e+02 
3.821010e-01 5.751290e+02 
3.910020e-01 5.504030e+02 
4.001090e-01 5.249670e+02 
4.094290e-01 5.002230e+02 
4.189660e-01 4.759180e+02 
4.287250e-01 4.532550e+02 
4.387110e-01 4.323160e+02 
4.489300e-01 4.125440e+02 
4.593870e-01 3.937560e+02 
4.700870e-01 3.749520e+02 
4.810370e-01 3.569900e+02 
4.922420e-01 3.397590e+02 
5.037080e-01 3.235770e+02 
5.154410e-01 3.083060e+02 
5.274470e-01 2.935910e+02 
5.397330e-01 2.795080e+02 
5.523040e-01 2.658930e+02 
5.651690e-01 2.529850e+02 
5.783340e-01 2.407490e+02 
5.918050e-01 2.290550e+02 
6.055900e-01 2.179070e+02 
6.196960e-01 2.071920e+02 
6.341300e-01 1.970070e+02 
6.489010e-01 1.873270e+02 
6.640160e-01 1.780170e+02 
6.794830e-01 1.691220e+02 
6.953100e-01 1.606710e+02 
7.115060e-01 1.526430e+02 
7.280790e-01 1.450160e+02 
7.450380e-01 1.377700e+02 
7.623920e-01 1.308850e+02 
7.801510e-01 1.243450e+02 
7.983230e-01 1.181320e+02 
8.169180e-01 1.122260e+02 
8.359470e-01 1.064890e+02 
8.554180e-01 1.010440e+02 
8.753440e-01 9.587830e+01 
8.957330e-01 9.097640e+01 
9.165970e-01 8.632510e+01 
9.379480e-01 8.191160e+01 
9.597950e-01 7.772370e+01 
9.821520e-01 7.375000e+01 
1.005030e+00 6.997940e+01 
1.028440e+00 6.637460e+01 
1.052390e+00 6.291160e+01 
1.076910e+00 5.962940e+01 
1.101990e+00 5.651840e+01 
1.127660e+00 5.356970e+01 
1.153930e+00 5.077480e+01 
1.180810e+00 4.812570e+01 
1.208310e+00 4.561490e+01 
1.236460e+00 4.323500e+01 
1.265260e+00 4.097940e+01 
1.294730e+00 3.881370e+01 
1.324890e+00 3.675220e+01 
1.355750e+00 3.480010e+01 
1.387330e+00 3.295180e+01 
1.419640e+00 3.120160e+01 
1.452710e+00 2.954440e+01 
1.486550e+00 2.797520e+01 
1.521170e+00 2.648940e+01 
1.556610e+00 2.508240e+01 
1.592860e+00 2.374880e+01 
1.629970e+00 2.246730e+01 
1.667930e+00 2.125490e+01 
1.706780e+00 2.010790e+01 
1.746540e+00 1.902280e+01 
1.787220e+00 1.799630e+01 
1.828850e+00 1.702520e+01 
1.871450e+00 1.610640e+01 
1.915040e+00 1.523730e+01 
1.959650e+00 1.441510e+01 
2.005300e+00 1.363260e+01 
2.052010e+00 1.288640e+01 
2.099800e+00 1.218110e+01 
2.148710e+00 1.151440e+01 
2.198760e+00 1.088420e+01 
2.249980e+00 1.028850e+01 
2.302390e+00 9.725380e+00 
2.356020e+00 9.193090e+00 
2.410900e+00 8.689930e+00 
2.467050e+00 8.214310e+00 
2.524520e+00 7.760330e+00 
2.583320e+00 7.330180e+00 
2.643500e+00 6.923860e+00 
2.705070e+00 6.540070e+00 
2.768080e+00 6.177550e+00 
2.832560e+00 5.835130e+00 
2.898540e+00 5.511690e+00 
2.966050e+00 5.206180e+00 
3.035140e+00 4.917600e+00 
3.105840e+00 4.644660e+00 
3.178180e+00 4.384260e+00 
3.252210e+00 4.138460e+00 
3.327960e+00 3.906440e+00 
3.405480e+00 3.687430e+00 
3.484810e+00 3.480700e+00 
3.565980e+00 3.285560e+00 
3.649040e+00 3.101360e+00 
3.734040e+00 2.927490e+00 
3.821010e+00 2.763360e+00 
3.910020e+00 2.607690e+00 
4.001090e+00 2.459980e+00 
4.094290e+00 2.320640e+00 
4.189660e+00 2.189190e+00 
4.287250e+00 2.065180e+00 
4.387110e+00 1.948200e+00 
4.489300e+00 1.837850e+00 
4.593870e+00 1.733740e+00 
4.700870e+00 1.635540e+00 
4.810370e+00 1.542890e+00 
4.922420e+00 1.454830e+00 
5.037080e+00 1.371650e+00 
5.154410e+00 1.293230e+00 
5.274470e+00 1.219290e+00 
5.397330e+00 1.149580e+00 
5.523040e+00 1.083850e+00 
5.651690e+00 1.021880e+00 
5.783340e+00 9.634540e-01 
5.918050e+00 9.083680e-01 
6.055900e+00 8.563610e-01 
6.196960e+00 8.069820e-01 
6.341300e+00 7.604510e-01 
6.489010e+00 7.166020e-01 
6.640160e+00 6.752820e-01 
6.794830e+00 6.363440e-01 
6.953100e+00 5.996510e-01 
7.115060e+00 5.650750e-01 
7.280790e+00 5.324920e-01 
7.450380e+00 5.017870e-01 
7.623920e+00 4.727390e-01 
7.801510e+00 4.452690e-01 
7.983230e+00 4.193950e-01 
8.169180e+00 3.950240e-01 
8.359470e+00 3.720700e-01 
8.554180e+00 3.504490e-01 
8.753440e+00 3.300850e-01 
8.957330e+00 3.109040e-01 
9.165970e+00 2.928380e-01 
9.379480e+00 2.758220e-01 
9.597950e+00 2.596960e-01 
9.821520e+00 2.444980e-01 
1.005030e+01 2.301900e-01 
1.028440e+01 2.167190e-01 
1.052390e+01 2.040360e-01 
1.076910e+01 1.920950e-01 
1.101990e+01 1.808530e-01 
1.127660e+01 1.702690e-01 
1.153930e+01 1.603050e-01 
1.180810e+01 1.509110e-01 
1.208310e+01 1.420210e-01 
1.236460e+01 1.336550e-01 
1.265260e+01 1.257820e-01 
1.294730e+01 1.183730e-01 
1.324890e+01 1.114000e-01 
1.355750e+01 1.048380e-01 
1.387330e+01 9.866270e-02 
1.419640e+01 9.285090e-02 
1.452710e+01 8.738150e-02 
1.486550e+01 8.221690e-02 
1.521170e+01 7.734450e-02 
1.556610e+01 7.276080e-02 
1.592860e+01 6.844880e-02 
1.629970e+01 6.439230e-02 
1.667930e+01 6.057620e-02 
1.706780e+01 5.698630e-02 
1.746540e+01 5.360910e-02 
1.787220e+01 5.043210e-02 
1.828850e+01 4.744330e-02 
1.871450e+01 4.461730e-02 
1.915040e+01 4.195820e-02 
1.959650e+01 3.945760e-02 
2.005300e+01 3.710600e-02 
2.052010e+01 3.489450e-02 
2.099800e+01 3.281490e-02 
2.148710e+01 3.085920e-02 
2.198760e+01 2.902000e-02 
2.249980e+01 2.729050e-02 
2.302390e+01 2.566180e-02 
2.356020e+01 2.412430e-02 
2.410900e+01 2.267890e-02 
2.467050e+01 2.132010e-02 
2.524520e+01 2.004270e-02 
2.583320e+01 1.884190e-02 
2.643500e+01 1.771300e-02 
2.705070e+01 1.665170e-02 
2.768080e+01 1.565400e-02 
2.832560e+01 1.471610e-02 
2.898540e+01 1.383170e-02 
2.966050e+01 1.299880e-02 
3.035140e+01 1.221600e-02 
3.105840e+01 1.148040e-02 
3.178180e+01 1.078900e-02 
3.252210e+01 1.013930e-02 
3.327960e+01 9.528770e-03 
3.405480e+01 8.954960e-03 
3.484810e+01 8.415710e-03 
3.565980e+01 7.908920e-03 
3.649040e+01 7.430400e-03 
3.734040e+01 6.980720e-03 
3.821010e+01 6.558250e-03 
3.910020e+01 6.161350e-03 
4.001090e+01 5.788470e-03 
4.094290e+01 5.438160e-03 
4.189660e+01 5.109050e-03 
4.287250e+01 4.799850e-03 
4.387110e+01 4.509370e-03 
4.489300e+01 4.236060e-03 
4.593870e+01 3.978440e-03 
4.700870e+01 3.736480e-03 
4.810370e+01 3.509240e-03 
4.922420e+01 3.295820e-03 
5.037080e+01 3.095380e-03 
5.154410e+01 2.907120e-03 
5.274470e+01 2.730320e-03 
5.397330e+01 2.564270e-03 
5.523040e+01 2.408320e-03 
5.651690e+01 2.261350e-03 
5.783340e+01 2.123110e-03 
5.918050e+01 1.993310e-03 
6.055900e+01 1.871450e-03 
6.196960e+01 1.757040e-03 
6.341300e+01 1.649630e-03 
6.489010e+01 1.548780e-03 
6.640160e+01 1.454090e-03 
6.794830e+01 1.365200e-03 
6.953100e+01 1.281740e-03 
7.115060e+01 1.202930e-03 
7.280790e+01 1.128970e-03 
7.450380e+01 1.059560e-03 
7.623920e+01 9.944190e-04 
7.801510e+01 9.332800e-04 
7.983230e+01 8.759000e-04 
8.169180e+01 8.220470e-04 
8.359470e+01 7.715060e-04 
8.554180e+01 7.240720e-04 
8.753440e+01 6.794520e-04 
8.957330e+01 6.374020e-04 
9.165970e+01 5.979540e-04 
9.379480e+01 5.609480e-04 
9.597950e+01 5.262320e-04 
9.821520e+01 4.936640e-04 
1.005030e+02 4.631120e-04 
1.028440e+02 4.344510e-04 
1.052390e+02 4.075630e-04 
1.076910e+02 3.823400e-04 
1.101990e+02 3.585430e-04 
1.127660e+02 3.361730e-04 
1.153930e+02 3.151990e-04 
1.180810e+02 2.955330e-04 
1.208310e+02 2.770950e-04 
1.236460e+02 2.598060e-04 
1.265260e+02 2.435970e-04 
1.294730e+02 2.283980e-04 
1.324890e+02 2.141480e-04 
1.355750e+02 2.007810e-04 
1.387330e+02 1.881240e-04 
1.419640e+02 1.762650e-04 
1.452710e+02 1.651540e-04 
1.486550e+02 1.547430e-04 
1.521170e+02 1.449890e-04 
1.556610e+02 1.358490e-04 
1.592860e+02 1.272850e-04 
1.629970e+02 1.192620e-04 
1.667930e+02 1.117440e-04 
1.706780e+02 1.046620e-04 
1.746540e+02 9.797460e-05 
1.787220e+02 9.171470e-05 
1.828850e+02 8.585470e-05 
1.871450e+02 8.036920e-05 
1.915040e+02 7.523410e-05 
1.959650e+02 7.042720e-05 
2.005300e+02 6.592740e-05 
2.052010e+02 6.171510e-05 
2.099800e+02 5.777190e-05 
2.148710e+02 5.403160e-05 
2.198760e+02 5.051780e-05 
2.249980e+02 4.723250e-05 
2.302390e+02 4.416080e-05 
2.356020e+02 4.128890e-05 
2.410900e+02 3.860380e-05 
2.467050e+02 3.609330e-05 
2.524520e+02 3.374600e-05 
2.583320e+02 3.155140e-05 
2.643500e+02 2.949520e-05 
2.705070e+02 2.753370e-05 
2.768080e+02 2.570270e-05 
2.832560e+02 2.399340e-05 
2.898540e+02 2.239780e-05 
2.966050e+02 2.090830e-05 
3.035140e+02 1.951790e-05 
3.105840e+02 1.821990e-05 
3.178180e+02 1.700830e-05 
3.252210e+02 1.587720e-05 
3.327960e+02 1.480900e-05 
3.405480e+02 1.379830e-05 
3.484810e+02 1.285650e-05 
3.565980e+02 1.197900e-05 
3.649040e+02 1.116140e-05 
3.734040e+02 1.039960e-05 
3.821010e+02 9.689790e-06 
3.910020e+02 9.028430e-06 
4.001090e+02 8.412220e-06 
4.094290e+02 7.838060e-06 
4.189660e+02 7.291910e-06 
4.287250e+02 6.781090e-06 
4.387110e+02 6.306060e-06 
4.489300e+02 5.864300e-06 
4.593870e+02 5.453490e-06 
4.700870e+02 5.071460e-06 
4.810370e+02 4.716190e-06 
4.922420e+02 4.385800e-06 
5.037080e+02 4.078570e-06 
5.154410e+02 3.792060e-06 
5.274470e+02 3.521190e-06 
5.397330e+02 3.269670e-06 
5.523040e+02 3.036120e-06 
5.651690e+02 2.819250e-06 
5.783340e+02 2.617870e-06 
5.918050e+02 2.430870e-06 
6.055900e+02 2.257230e-06 
6.196960e+02 2.096000e-06 
6.341300e+02 1.946280e-06 
6.489010e+02 1.806760e-06 
6.640160e+02 1.676770e-06 
6.794830e+02 1.556130e-06 
6.953100e+02 1.444170e-06 
7.115060e+02 1.340260e-06 
7.280790e+02 1.243830e-06 
7.450380e+02 1.154340e-06 
7.623920e+02 1.071290e-06 
7.801510e+02 9.942130e-07 
7.983230e+02 9.226820e-07 
8.169180e+02 8.564020e-07 
8.359470e+02 7.949020e-07 
8.554180e+02 7.378190e-07 
8.753440e+02 6.848350e-07 
8.957330e+02 6.356560e-07 
9.165970e+02 5.900080e-07 
9.379480e+02 5.476390e-07 
9.597950e+02 5.083120e-07 
9.821520e+02 4.718090e-07
